-81.433865 160.431986
-70.814672 52.809745
-69.148075 69.914024
-64.409013 -66.628394
-61.909068 111.760708
-61.791097 166.752918
-60.021980 116.657010
-59.396488 -36.416886
-58.920356 19.969040
-52.018819 -146.722603
-50.949733 -20.476951
-48.736492 143.687636
-47.871993 17.663948
-47.173040 89.072516
-46.026963 -1.448282
-44.789091 -100.636580
-40.830835 -77.302692
-40.794547 -97.498615
-39.057522 -97.610887
-37.279461 171.171682
-34.690552 156.306953
-33.752487 165.345459
-33.574365 -113.212043
-32.483565 -169.506668
-29.637547 -174.038557
-29.557230 -100.349958
-29.304865 -6.756090
-28.822615 152.802879
-28.162819 28.484436
-27.830346 -17.614321
-27.107671 5.466173
-24.583915 99.708058
-22.107988 -109.456219
-20.689262 134.544496
-16.109675 -19.498532
-15.697537 -145.307077
-15.441759 -53.590883
-14.700019 114.436949
-11.151832 -150.168218
-10.360405 161.066951
-7.018817 19.231624
-6.867947 -39.039831
-6.619649 78.983804
-6.073446 113.272565
-4.479904 -115.131262
-0.819377 -69.992146
-0.265297 170.229503
-0.199195 -104.360784
0.696173 67.575999
3.631349 -154.323799
3.655856 -131.167612
6.541540 -45.967835
6.878895 123.283626
7.948410 49.077345
12.321765 -43.017192
12.536639 -14.195761
13.051023 23.753651
15.543462 -53.922356
15.754598 67.604608
16.178673 49.248871
18.837251 -107.222983
19.148595 -147.720860
20.629055 175.315813
21.137763 121.625683
21.538278 -13.348472
21.873642 -172.065061
22.970272 -86.329723
25.695157 16.155970
25.963362 34.054409
26.126531 -29.906189
26.535586 -123.447818
27.056983 147.235762
27.427472 165.105161
28.134673 -1.168539
28.799530 175.002692
29.233761 -115.464943
32.604643 62.713457
32.917956 176.045222
33.022552 -159.196391
36.438161 -124.706445
38.450766 81.166947
39.905452 -157.657810
40.683354 -110.885148
41.677811 -99.749517
44.624149 38.415335
48.535601 133.619883
49.443557 102.135924
50.139257 -143.958282
50.267278 66.816763
51.243131 -77.577334
52.861146 -16.355127
59.532691 58.591813
60.075892 114.158358
62.828360 40.585640
63.863494 -105.047669
66.731191 -17.466899
71.629345 -118.197500
72.747828 -168.049689
76.311524 -73.197792
85.927934 -84.015854
