-0.19919491 -0.26529744 
0.69617321 -0.81937737 
-10.36040537 -11.15183213 
12.32176534 12.53663947 
13.05102345 -14.7000187 
-15.44175858 15.54346226 
-15.69753683 15.75459771 
-16.10967511 16.17867319 
18.83725134 19.1485953 
20.62905514 -20.68926218 
21.13776261 21.53827819 
21.87364179 -22.10798789 
22.97027188 -24.58391503 
25.69515727 25.96336187 
26.12653124 26.53558576 
27.05698306 -27.10767076 
27.42747171 -27.83034594 
28.13467345 -28.16281922 
28.79953018 -28.82261509 
29.23376066 -29.30486488 
-29.55722987 -29.63754674 
-32.48356462 32.6046428 
32.91795614 33.0225524 
-33.57436458 -33.75248738 
-34.69055193 36.43816124 
-37.27946092 38.45076601 
-39.05752193 39.90545234 
3.63134913 3.65585624 
40.68335372 -40.79454698 
-40.83083465 41.67781146 
44.62414911 -44.78909068 
-46.0269626 -47.17303997 
-47.87199341 48.53560117 
-48.73649194 49.44355655 
-4.47990405 50.13925682 
50.26727819 -50.94973309 
51.24313055 -52.01881915 
52.86114559 -58.92035639 
-59.39648831 59.53269083 
-60.02197994 60.07589183 
-61.79109703 -61.9090682 
62.82835984 63.8634936 
-64.40901253 66.73119076 
-69.14807501 -6.07344569 
6.54153994 -6.61964915 
-6.86794732 6.87889462 
-70.81467207 71.62934456 
72.74782759 76.3115244 
-7.01881696 7.9484101 
-81.43386545 85.92793369 
-100.34995847 -100.63657971 
102.13592436 -104.3607839 
-105.04766864 -107.22298268 
-109.45621885 -110.88514825 
111.76070767 -113.21204343 
113.27256545 114.15835835 
114.43694918 -115.13126167 
-115.46494341 116.65701014 
-118.19750046 121.62568287 
123.28362593 -123.44781814 
-124.70644538 -131.16761165 
133.61988307 134.54449561 
-13.34847185 143.68763551 
-143.95828167 -145.30707667 
-146.72260342 147.23576208 
-147.72086039 -14.19576133 
-150.16821803 152.80287915 
-154.32379913 156.3069529 
-157.65781025 -159.19639076 
160.43198567 161.06695057 
165.10516101 165.34545898 
166.75291778 -168.04968948 
-169.5066684 16.15596977 
-16.35512653 170.22950262 
171.17168204 -172.06506132 
-174.03855678 175.00269207 
175.31581268 176.04522154 
-17.46689892 -17.61432077 
17.66394789 19.23162447 
-19.49853178 19.9690403 
-1.16853931 -1.4482823 
-20.47695127 23.753651 
28.48443607 -29.90618935 
34.05440863 -36.4168862 
38.41533523 -39.03983148 
40.58564037 -43.01719241 
-45.96783463 49.07734534 
49.24887086 52.80974511 
-53.59088271 -53.92235566 
58.5918132 5.46617278 
62.71345697 -66.62839429 
66.8167631 67.57599887 
67.6046081 69.91402448 
-69.99214641 -6.75608981 
-73.19779239 -77.30269196 
-77.57733366 78.98380371 
81.16694718 -84.01585406 
-86.32972284 89.07251585 
-97.49861548 -97.61088666 
99.70805837 -99.74951745 
